cake_14.jpg 155 8 505 456 12 228 36 398 174 14
mashedpotato_10.jpg 85 231 581 728 26
pasta_10.jpg 158 317 239 427 32 243 310 331 416 32 91 102 167 204 32 411 268 504 361 32 437 169 497 273 32 245 340 331 413 32 200 223 309 330 32 229 327 274 375 18 297 43 337 82 18
apricot_0020.jpg 621 102 701 191 48 665 188 750 316 48 549 177 630 262 48 485 250 605 354 48 615 309 711 390 48 752 385 868 460 48
banana_16.jpg 152 53 250 151 4 185 289 286 386 4 91 251 187 347 4 504 309 604 406 4 528 169 620 265 4 514 35 614 132 4 403 29 490 122 4 289 42 389 135 4 358 265 450 363 4 32 168 124 266 4 61 73 154 170 4 260 216 362 310 4 332 148 407 219 4 423 203 519 300 4 463 253 555 350 4 239 144 331 236 4 151 158 247 252 4 41 43 137 127 4 190 20 283 111 4
blackberry_19.jpg 149 107 325 275 9 503 117 717 293 9 183 299 384 480 9 397 309 592 480 9 345 1 509 164 9 325 159 498 328 9
cake_7.jpg 60 1 612 319 12
mashedpotato_4.jpg 49 37 530 325 26
avocado_8.jpg 251 82 443 292 3
noodlesoup_20.jpg 21 203 697 843 29 521 327 697 542 22
apricot_0039.jpg 764 249 839 333 48 901 254 993 337 48 936 404 1052 519 48 736 397 834 479 48 624 398 717 495 48 836 530 921 634 48 674 571 775 655 48
bread_14.jpg 184 61 360 219 10 307 402 522 616 10 47 367 255 526 10 455 103 723 305 10 416 226 502 326 10 362 106 465 218 10 152 201 414 400 10 413 280 690 530 10 199 446 310 542 10
seta_00120.jpg 852 918 912 989 22 930 853 977 912 4 907 969 944 1025 18 870 822 943 898 16 941 965 1069 1024 1 981 853 1047 921 44 1038 922 1100 990 44 927 919 1016 959 14 901 898 939 936 23 940 381 1099 508 1 912 494 983 551 9 1102 412 1154 533 14 1158 429 1219 493 23 1150 523 1210 608 18 907 567 1009 669 44 958 656 1132 767 8 1067 722 1167 824 4 1002 485 1118 596 22 1222 437 1332 534 27 1213 538 1359 632 13 1170 639 1352 761 1 1136 675 1301 838 16
mushroom_2.jpg 642 321 847 585 28 521 201 699 445 28 778 184 977 419 28 528 128 749 280 28 766 92 921 257 28
strawberry_20.jpg 566 281 810 616 44 309 540 568 735 44 535 526 818 844 44 151 406 363 620 44 164 203 402 449 44 379 318 566 559 44 974 264 1168 543 44 830 58 1070 290 44 541 41 823 320 44 802 279 983 591 44 340 50 578 335 44 377 314 565 556 44 554 272 808 611 44 817 535 1139 736 44
pie_6.jpg 29 143 824 647 35
apricot_0029.jpg 695 254 771 326 48 578 317 661 382 48 507 392 617 485 48 646 497 731 583 48 723 514 820 594 48 812 403 922 475 48 887 454 958 543 48
jello_3.jpg 154 38 1108 684 25
apple_1.jpg 708 669 1506 1129 1 112 229 725 797 1 468 105 900 545 1 902 211 1270 669 1
asparagus_2.jpg 182 18 238 591 2
setb_00390.jpg 1224 561 1262 596 23 1280 524 1343 584 22 1114 673 1180 739 22 1225 757 1277 830 22 1144 589 1225 672 8 1324 568 1407 639 8 1274 776 1323 841 8 1183 668 1242 719 44 1218 709 1276 762 44 1205 635 1264 693 16 1118 581 1172 648 13 1321 699 1402 773 27 1392 685 1427 726 18 1262 738 1318 777 4 769 542 877 590 1 825 631 895 696 44 1283 617 1339 710 1 732 648 806 723 27 882 655 962 713 8 909 573 967 631 22 1315 659 1368 714 44 1177 725 1228 795 16 772 710 855 758 13 1318 789 1353 824 9 1354 634 1404 694 13
noodlesoup_15.jpg 107 60 492 348 29 340 153 403 208 14
apricot_0053.jpg 656 274 810 393 48 989 245 1121 336 48 878 360 1030 473 48
apple_11.jpg 90 249 557 874 1 565 255 996 878 1 1033 253 1504 838 1 1519 241 1965 877 1
egg_3.jpg 277 196 487 421 22 133 121 325 333 22 336 107 557 290 22 263 42 455 203 22
mushroom_1.jpg 197 196 385 365 28 1 255 123 376 28 131 339 338 418 28 154 402 330 476 28
asparagus_13.jpg 41 52 475 102 2
spaghetti_3.jpg 253 214 764 465 42 252 424 653 750 42 573 291 907 615 42
spaghetti_8.jpg 1 240 1200 1608 42
pie_12.jpg 165 69 698 439 35
jello_2.jpg 13 102 581 485 25
onion_1.jpg 389 246 473 335 30 73 112 164 188 30 362 408 445 477 30 328 293 389 367 30 202 252 276 328 30 102 219 199 286 30 219 425 296 477 30 222 317 279 369 30 120 340 248 438 30 294 143 352 205 30 320 49 402 124 30 129 45 225 127 30
rice_8.jpg 70 172 665 533 40
apricot_0027.jpg 518 321 580 382 48 591 350 657 406 48 581 407 654 470 48 658 416 731 479 48 680 495 759 586 48
apricot_0034.jpg 605 222 678 298 48 813 292 910 373 48 905 332 981 434 48 801 426 897 513 48 712 456 801 549 48 550 345 644 411 48 494 413 624 500 48
apricot_0061.jpg 526 192 604 265 48 634 257 712 320 48 643 406 741 489 48 672 498 762 561 48 519 426 613 530 48 428 347 530 428 48 441 228 548 333 48
setb_00030.jpg 1224 561 1262 596 23 1280 524 1343 584 22 1393 644 1458 699 22 1114 673 1180 739 22 1225 757 1277 830 22 1144 589 1225 672 8 1329 566 1409 640 8 1274 776 1323 841 8 1150 720 1227 774 8 1154 526 1219 594 1 1257 590 1320 652 44 1183 668 1242 719 44 1226 709 1284 762 44 1205 635 1264 693 16 1118 581 1172 648 13 1265 672 1337 738 27 1328 685 1400 766 27 1399 700 1432 734 18 1262 738 1318 777 4 1326 749 1414 833 13
noodlesoup_18.jpg 181 96 570 357 29 177 186 292 292 22 399 201 482 284 19
raspberry_13.jpg 251 182 506 411 38 40 182 261 396 38 195 54 421 222 38
spaghetti_19.jpg 59 319 1460 1928 42
tomato_8.jpg 39 256 162 376 45 71 86 183 193 45 213 1 327 127 45 266 231 408 384 45 340 34 499 143 45 144 285 283 427 45 393 306 531 409 45 454 209 583 322 45 503 121 626 236 45 383 128 508 282 45 257 120 394 243 45
apricot_0017.jpg 745 52 819 162 48 627 47 722 121 48 545 93 624 189 48 626 117 743 216 48 500 214 621 316 48
raspberry_18.jpg 74 230 285 464 38 1 237 79 437 38 283 220 490 462 38 468 237 677 464 38 668 231 800 468 38
egg_1.jpg 187 46 406 254 22 137 240 436 428 22
apricot_0060.jpg 862 254 956 322 48 985 344 1070 421 48 864 425 955 511 48 761 444 840 526 48 672 380 772 457 48 675 308 751 363 48 777 249 841 314 48
cake_10.jpg 95 343 503 671 12 1 1 491 347 12
rice_15.jpg 222 54 553 359 40
pie_16.jpg 328 337 1024 821 35 232 49 570 384 32
mashedpotato_2.jpg 45 19 696 394 26
hummus_3.jpg 123 64 467 410 24
pancake_12.jpg 127 289 550 524 31
setb_00090.jpg 1224 561 1262 596 23 1280 524 1343 584 22 1393 644 1458 699 22 1114 673 1180 739 22 1225 757 1277 830 22 1144 589 1225 672 8 1329 566 1409 640 8 1274 776 1323 841 8 1150 720 1227 774 8 1257 590 1320 652 44 1183 668 1242 719 44 1226 709 1284 762 44 1205 635 1264 693 16 1118 581 1172 648 13 1265 672 1337 738 27 1328 685 1400 766 27 1399 700 1432 734 18 1262 738 1318 777 4 1326 749 1414 833 13 770 543 876 594 1
chicken_4.jpg 117 49 968 562 19
banana_11.jpg 278 325 388 423 4 412 265 520 361 4 518 246 627 333 4 284 207 375 277 4 374 176 463 240 4 50 261 157 348 4 180 230 273 298 4 477 156 559 215 4 7 189 94 254 4 108 166 187 229 4 203 144 276 203 4 296 111 381 177 4 382 94 460 153 4 461 71 547 129 4 83 99 168 157 4 174 81 258 134 4 262 64 339 116 4 342 46 412 97 4 406 29 475 77 4 484 18 552 62 4 559 54 640 110 4 225 21 295 64 4 142 33 211 79 4 62 49 130 95 4
banana_4.jpg 48 337 279 564 4 431 368 686 622 4 158 602 409 850 4 672 632 949 907 4 702 231 953 464 4 307 93 553 319 4
broccoli_17.jpg 83 1179 355 1439 11 1030 400 1230 594 11 639 1164 830 1409 11 515 511 755 751 11 1 881 194 1169 11 464 805 678 1063 11 664 834 890 1043 11 378 1057 635 1345 11 726 430 936 659 11 653 660 902 881 11 480 1045 761 1239 11 209 948 386 1187 11
cucumber_14.jpg 6 5 236 234 21 243 5 472 234 21 481 4 722 236 21
apricot_0016.jpg 745 358 831 428 48 840 430 935 502 48 636 407 717 473 48 775 516 859 603 48 712 576 801 663 48 633 548 718 632 48 555 441 651 542 48
rice_9.jpg 104 110 396 348 40
apricot_0057.jpg 788 260 881 323 48 690 202 767 261 48 729 360 832 453 48 571 389 657 466 48 596 267 676 340 48 491 221 593 284 48 428 321 526 408 48
apricot_0002.jpg 654 125 777 273 48 869 389 1045 517 48 982 484 1110 651 48 487 325 631 444 48 377 407 561 571 48 628 579 758 720 48 748 602 898 720 48
setb_00165.jpg 1224 561 1262 596 23 1280 524 1343 584 22 1399 644 1464 699 22 1114 673 1180 739 22 1225 757 1277 830 22 1144 589 1225 672 8 1324 578 1410 639 8 1274 776 1323 841 8 1150 720 1227 774 8 1183 668 1242 719 44 1226 709 1284 762 44 1205 635 1264 693 16 1118 581 1172 648 13 1328 685 1400 766 27 1399 700 1432 734 18 1262 738 1318 777 4 1326 749 1414 833 13 770 543 876 594 1 838 637 907 700 44 1283 617 1339 710 1 737 654 806 726 27
pasta_6.jpg 426 165 526 288 32 146 237 257 351 32 293 224 350 329 32 25 188 150 254 32 3 112 141 178 32 303 116 437 229 32 302 32 424 87 32 161 174 321 211 32
seta_00150.jpg 907 969 944 1025 18 851 920 912 988 22 1456 162 1699 348 27 1459 332 1782 519 13 1409 530 1827 761 1 1344 615 1743 932 16 1215 715 1439 928 4 961 573 1324 802 8 882 444 1077 637 44 881 319 1011 438 9 956 140 1221 363 1 1041 284 1278 505 22 1223 177 1347 369 14 1271 356 1393 513 18 1337 170 1457 292 23
chicken_5.jpg 116 314 738 581 19 215 130 854 380 19
asparagus_15.jpg 193 1 300 875 2 283 1 390 875 2 464 1 545 860 2 371 1 503 889 2
apricot_0055.jpg 951 78 1084 203 48 761 59 866 187 48 1000 284 1155 441 48 729 276 862 388 48 862 455 978 584 48 578 282 699 412 48 658 513 789 621 48
pie_15.jpg 73 47 822 544 35
apricot_0021.jpg 731 248 806 327 48 619 318 703 384 48 554 396 666 492 48 708 489 793 587 48 787 491 891 586 48 868 372 980 461 48 952 422 1034 517 48
noodlesoup_16.jpg 120 39 577 485 29 271 166 396 322 28 281 343 373 431 28
beef_11.jpg 116 70 414 310 6 415 119 540 294 6 533 68 681 284 6 683 99 917 288 6 927 73 1066 225 6 1066 112 1206 293 6 1223 76 1432 186 6 1288 185 1465 325 6 925 550 1141 951 6 1184 530 1456 904 6 971 191 1057 316 6 1212 190 1331 365 6 1117 699 1205 813 6 767 503 866 628 6 650 516 780 639 6 689 753 836 885 6 677 640 850 766 6 502 494 620 639 6 364 601 480 826 6 359 493 637 886 6 76 524 320 633 6 74 634 221 858 6 32 521 337 891 6
apricot_0062.jpg 648 208 709 266 48 755 225 828 282 48 783 314 875 396 48 691 388 766 467 48 615 296 698 357 48 510 282 596 358 48 542 400 636 469 48
seta_00210.jpg 1073 529 1106 558 23 1011 448 1054 490 4 1069 451 1126 503 22 925 488 1004 543 13 1034 522 1082 583 13 986 409 1061 448 13 991 749 1043 798 4 930 853 977 912 4 910 405 967 454 27 993 495 1022 525 18 1098 496 1136 531 18 1024 491 1056 521 9 1066 500 1093 527 9 958 763 997 807 9 949 803 1026 851 16 870 822 943 898 16 1007 561 1056 613 44 981 853 1047 921 44 1073 824 1136 937 8 901 898 939 936 23 267 464 379 563 23 260 565 411 675 18 40 515 264 604 14 216 272 430 435 27 383 364 577 541 13 475 458 755 649 1 501 568 797 760 16 516 733 692 911 4 293 724 507 1063 8 82 854 304 1054 44 52 605 296 828 22
pear_18.jpg 535 252 668 470 34 1 306 347 367 34 359 311 508 479 34 431 253 573 436 34 567 179 736 384 34 292 190 401 345 34 166 123 298 397 34 78 168 166 316 34 8 224 172 441 34 327 169 491 358 34
rice_4.jpg 217 1 1773 980 40
apricot_0031.jpg 474 288 590 394 48 594 275 682 350 48 713 243 793 311 48 650 381 747 469 48 782 412 862 521 48
mashedpotato_13.jpg 84 1 1200 800 26
cake_8.jpg 575 345 1177 822 12 163 190 578 467 12 531 27 783 196 12 880 1 1248 394 12
mushroom_3.jpg 97 411 200 507 28 188 427 260 522 28 249 458 332 551 28 199 345 282 438 28 62 322 128 401 28 287 375 370 444 28 160 322 226 379 28 73 369 170 426 28 217 501 295 558 28
egg_8.jpg 81 636 605 1194 22 456 31 947 543 22 754 215 1128 623 22 10 328 504 799 22
apricot_0042.jpg 729 451 844 516 48 743 338 812 378 48
egg_12.jpg 22 31 1030 910 22
apple_7.jpg 393 159 586 360 1 183 109 353 269 1 275 173 420 364 1 109 152 279 364 1
apricot_0001.jpg 680 1 752 112 48 582 12 676 98 48 582 83 702 191 48 640 149 729 259 48 554 178 635 269 48 476 261 596 356 48
apple_10.jpg 262 409 422 542 1 283 220 403 368 1 47 255 206 351 1 55 91 198 175 1 283 47 426 171 1 45 405 188 529 1
apricot_0051.jpg 834 372 912 430 48 966 382 1057 449 48 1049 456 1122 544 48 880 440 966 505 48 938 526 1050 623 48 919 619 1015 700 48 729 433 801 518 48
seta_00060.jpg 852 439 921 480 8 885 449 941 501 22 859 481 892 515 23 925 488 1004 543 13 986 409 1042 452 13 852 918 912 989 22 991 749 1043 798 4 930 853 977 912 4 910 405 967 454 27 883 504 953 574 27 993 495 1022 525 18 907 969 944 1025 18 958 763 997 807 9 949 803 1026 851 16 870 822 943 898 16 941 965 1069 1024 1 1007 561 1056 613 44 981 853 1047 921 44 1038 922 1100 990 44 1073 824 1136 937 8 845 757 945 816 8 927 919 1016 959 14 901 898 939 936 23 1401 598 1500 723 27 1289 561 1379 697 13 1161 513 1282 627 1 1104 461 1256 568 16 1133 392 1214 471 4 1214 319 1287 462 8 1291 322 1372 413 44 1393 350 1443 402 9 1336 389 1447 488 22 1314 482 1399 531 18 1402 509 1541 558 14 1520 552 1581 619 23 1441 395 1578 542 1
tomato_10.jpg 658 135 926 512 45 759 400 1108 540 45
waffle_18.jpg 66 10 755 550 46
cake_9.jpg 145 90 710 579 12
apricot_0046.jpg 729 291 768 336 48 775 347 822 386 48 733 412 780 469 48 659 424 696 470 48 673 342 714 392 48 616 314 672 351 48 594 394 636 435 48
apple_16.jpg 123 270 214 415 1 172 263 256 411 1 226 248 305 418 1 271 258 335 408 1 294 269 371 418 1 380 1 535 81 1 275 35 428 110 1
egg_4.jpg 1 181 1936 1255 22
cucumber_7.jpg 3 129 450 594 21 484 490 595 625 21 674 630 842 768 21 856 588 995 683 21 743 199 843 333 21 914 271 991 399 21 782 454 902 547 21 709 501 829 624 21 662 347 797 451 21 591 505 722 623 21 640 420 784 542 21 842 494 964 596 21 815 405 915 490 21 825 251 929 376 21
mashedpotato_7.jpg 74 62 519 389 26
spaghetti_12.jpg 292 626 474 796 42 186 443 640 638 42 1 403 206 543 42 173 240 468 389 42 342 369 509 530 6 35 518 269 727 6 484 593 631 783 6
avocado_10.jpg 602 194 890 587 3 279 72 630 445 3
banana_20.jpg 163 37 356 219 4
mashedpotato_3.jpg 176 163 1355 981 26
apricot_0041.jpg 803 207 882 284 48 690 202 756 280 48 845 328 940 426 48 678 335 764 407 48 584 344 661 430 48 771 442 840 525 48 643 489 728 558 48
pie_2.jpg 363 65 1261 553 35 283 197 527 345 1
spaghetti_9.jpg 646 530 1052 935 42 773 772 1179 1177 42 1091 858 1496 1263 42 1398 892 1803 1297 42 1721 868 2126 1273 42 1843 659 2249 1064 42 1739 472 2144 877 42 1457 475 1862 880 42 1221 490 1626 895 42 989 483 1394 888 42
pie_1.jpg 113 37 453 300 35
apricot_0047.jpg 726 259 777 304 48 717 301 772 364 48 629 338 680 389 48 536 316 594 370 48 615 258 666 306 48 660 196 703 242 48 544 241 608 289 48
mushroom_15.jpg 162 144 568 558 28 166 738 576 1174 28 746 782 1224 1152 28 760 194 1184 556 28
egg_16.jpg 174 409 460 788 22 363 143 647 498 22
seta_00030.jpg 852 439 921 480 8 885 449 941 501 22 859 481 892 515 23 1073 529 1106 558 23 1011 448 1054 490 4 1069 451 1126 503 22 925 488 1004 543 13 1034 522 1082 583 13 986 409 1061 448 13 1210 648 1303 708 13 1359 622 1429 685 22 852 918 912 989 22 1293 543 1340 589 4 991 749 1043 798 4 930 853 977 912 4 910 405 967 454 27 883 504 953 574 27 1241 699 1317 760 27 993 495 1022 525 18 1098 496 1136 531 18 1311 641 1351 683 18 907 969 944 1025 18 1024 491 1056 521 9 1066 500 1093 527 9 1436 643 1477 676 9 958 763 997 807 9 1225 558 1317 615 16 949 803 1026 851 16 870 822 943 898 16 1203 599 1306 645 1 1392 681 1467 773 1 941 965 1069 1024 1 1392 589 1450 641 44 1007 561 1056 613 44 981 853 1047 921 44 1038 922 1100 990 44 1330 548 1412 614 8 1073 824 1136 937 8 845 757 945 816 8 927 919 1016 959 14 1341 684 1395 761 14 901 898 939 936 23 1343 746 1385 782 23
banana_12.jpg 232 269 345 354 4 366 273 467 396 4 395 181 502 287 4 499 172 600 278 4 400 71 494 168 4 305 58 403 156 4 242 164 348 272 4 168 101 269 212 4 33 306 134 413 4 134 299 243 405 4 1 182 95 281 4 55 53 158 150 4 201 19 305 104 4 503 78 600 173 4 457 11 544 102 4 1 6 79 85 4 138 202 232 303 4 518 294 600 412 4
seta_00135.jpg 852 439 921 480 8 859 481 892 515 23 852 918 912 989 22 930 853 977 912 4 883 504 951 574 27 907 969 944 1025 18 870 822 943 898 16 941 965 1069 1024 1 981 853 1047 921 44 1038 922 1100 990 44 845 757 945 816 8 927 919 1016 959 14 901 898 939 936 23 994 744 1045 793 4 957 765 995 803 9 945 804 1026 853 16 1075 827 1136 935 8 1033 531 1176 607 8 1012 403 1075 454 9 1224 372 1276 430 23 1182 353 1218 452 14 1206 442 1255 509 18 1043 327 1180 422 1 1083 403 1180 489 22 1001 459 1084 538 44 1113 587 1197 665 4 1177 559 1309 687 16 1214 533 1358 640 1 1257 461 1383 539 13 1277 383 1367 460 27
pear_20.jpg 1404 41 1923 410 34 1055 155 1502 533 34 1554 437 1821 995 34 1800 331 2027 861 34 1148 331 1462 883 34 675 279 989 831 34 786 731 1100 1159 34 832 583 1381 881 34 901 360 1202 654 34 1233 968 1781 1264 34 1345 414 1864 695 34 1076 733 1337 1004 34
cottagecheese_18.jpg 162 154 1162 778 20
mashedpotato_9.jpg 505 214 2494 1193 26
pie_5.jpg 144 16 553 313 35
apricot_0013.jpg 701 276 776 356 48 835 391 945 477 48 922 437 1001 527 48 753 509 860 606 48 678 512 765 609 48 590 347 673 412 48 524 424 638 519 48
rice_5.jpg 32 80 1162 765 40
mashedpotato_15.jpg 22 64 561 329 26
avocado_1.jpg 425 263 726 449 3 447 374 627 708 3 297 364 466 723 3 29 58 367 408 3 433 84 832 315 3 135 386 363 702 3
apricot_0005.jpg 538 441 600 500 48 707 379 756 451 48 757 377 817 437 48 771 467 828 530 48 740 521 808 583 48 604 529 662 600 48 620 583 703 666 48
cottagecheese_20.jpg 16 281 530 730 20 360 180 518 368 16 436 367 547 459 14
ravioli_18.jpg 20 387 341 607 39 437 186 671 330 39 485 419 922 684 39 303 418 591 706 39 173 262 525 478 39 198 127 504 275 39 70 259 247 405 39 481 118 788 321 39 609 258 891 450 39
pear_4.jpg 857 173 1268 424 34 170 163 602 414 34 145 709 585 916 34 613 552 957 963 34 1006 629 1371 977 34
ravioli_5.jpg 319 435 756 774 39 555 363 1065 644 39 284 426 792 786 39 97 420 549 700 39 368 152 781 423 39 575 230 1039 506 39
spaghetti_13.jpg 158 42 639 450 42
pancake_7.jpg 262 52 658 390 31
strawberry_3.jpg 41 144 172 257 44 58 51 162 136 44 122 13 251 92 44 217 34 287 118 44 281 65 349 147 44 183 103 290 192 44 162 180 255 292 44 90 241 190 358 44 238 268 348 379 44 291 254 437 356 44 336 218 413 287 44 245 130 383 236 44 378 146 489 245 44 327 45 409 144 44 377 77 478 174 44 492 119 586 243 44 487 206 566 308 44
apple_18.jpg 795 387 1006 699 1 646 487 814 792 1 343 521 627 804 1 135 472 474 691 1 22 402 361 549 1 97 193 375 412 1 234 43 398 295 1 380 103 781 476 1
setb_00330.jpg 1224 561 1262 596 23 1280 524 1343 584 22 1114 673 1180 739 22 1225 757 1277 830 22 1144 589 1225 672 8 1324 568 1407 639 8 1274 776 1323 841 8 1183 668 1242 719 44 1218 709 1276 762 44 1205 635 1264 693 16 1118 581 1172 648 13 1321 699 1402 773 27 1392 685 1427 726 18 1262 738 1318 777 4 1325 748 1413 832 13 769 542 877 590 1 825 631 895 696 44 1283 617 1339 710 1 732 648 806 723 27 882 655 962 713 8 909 573 967 631 22 1315 659 1368 714 44 1177 725 1228 795 16
jello_18.jpg 257 152 780 492 25
apricot_0058.jpg 868 211 977 291 48 765 198 852 288 48 799 279 894 371 48 816 370 933 467 48 616 335 750 442 48 673 271 798 361 48 671 200 759 274 48
hummus_6.jpg 128 98 510 312 24
pasta_12.jpg 573 77 776 185 32 374 34 602 124 32 358 96 586 186 32 540 362 731 572 32 633 556 824 701 32
apricot_0035.jpg 690 144 729 190 48 740 193 789 239 48 727 252 778 312 48 645 205 683 251 48 576 180 628 226 48 647 284 685 333 48 561 261 608 307 48
salad_12.jpg 48 34 500 464 41 211 376 480 804 41 232 677 638 918 41 646 94 920 596 41 467 492 632 661 21 88 438 223 598 21 498 206 658 354 21 611 658 776 819 21
apricot_0010.jpg 747 198 862 293 48 669 236 761 342 48 824 327 935 419 48 805 416 948 512 48 643 568 811 720 48 575 502 693 629 48 407 400 538 493 48
tomato_1.jpg 95 111 202 337 45 10 96 107 318 45 198 101 276 315 45 275 125 368 337 45 367 108 490 323 45 486 101 575 315 45 565 138 640 336 45
raspberry_3.jpg 65 229 216 359 38 471 209 600 361 38 324 214 463 358 38 214 191 332 334 38 319 137 439 243 38 432 108 589 250 38 543 177 644 322 38
mushroom_17.jpg 888 656 1432 1202 28 930 172 1504 683 28 390 230 934 668 28
pasta_11.jpg 296 1283 592 1580 32 246 1735 496 1901 32 773 1167 915 1473 32 270 1051 562 1239 32 327 829 605 1022 32 557 982 712 1177 32 426 1 660 183 18
hummus_16.jpg 194 99 577 431 24
noodlesoup_19.jpg 88 87 600 711 29 352 332 530 509 22 512 318 599 456 28 394 171 474 320 14 174 214 400 331 19
raspberry_20.jpg 76 325 211 453 38 200 322 336 450 38 332 325 467 453 38 459 323 594 451 38 583 326 718 454 38 700 324 835 452 38 830 341 942 456 38
spaghetti_7.jpg 246 344 338 412 42 324 333 416 401 42 371 303 459 370 42 394 247 461 317 42 395 194 487 262 42 392 140 467 205 42 319 51 411 120 42 191 327 267 409 42 160 292 206 368 42 105 186 173 318 42 154 97 243 201 42 169 61 348 143 42
hummus_17.jpg 633 81 1305 1251 24
spaghetti_5.jpg 13 24 1539 970 42
cake_3.jpg 64 54 657 664 12 791 1 1248 364 12 666 534 1247 832 12
seta_00075.jpg 852 439 921 480 8 859 481 892 515 23 852 918 912 989 22 930 853 977 912 4 910 405 967 454 27 883 504 921 558 27 907 969 944 1025 18 870 822 943 898 16 941 965 1069 1024 1 981 853 1047 921 44 1038 922 1100 990 44 845 757 945 816 8 927 919 1016 959 14 901 898 939 936 23 1102 360 1238 549 8 1040 492 1144 592 4 1044 565 1224 762 16 1146 620 1286 836 1 1318 660 1475 885 13 1485 671 1645 853 27 1600 567 1692 661 23 1431 544 1619 607 14 1305 536 1418 620 18 1293 398 1452 537 22 1342 330 1415 402 9 1203 329 1323 451 44 1420 371 1652 543 1
cucumber_2.jpg 278 202 483 403 21 159 187 323 385 21
pasta_15.jpg 1183 366 1337 502 32 771 545 889 657 32 547 787 668 940 32 817 888 994 997 32 1091 696 1191 788 32 553 344 675 473 32 740 330 845 439 32 599 555 675 637 32 520 634 630 783 32
apricot_0015.jpg 687 1 896 226 48 485 312 678 453 48 380 419 606 567 48 705 542 845 678 48 837 568 1008 671 48 994 358 1248 495 48 1117 452 1280 641 48
cake_19.jpg 261 187 474 372 12 1 79 104 229 12 231 1 382 99 12 405 1 551 79 12
asparagus_9.jpg 54 129 107 407 2 285 69 355 482 2 371 75 416 492 2 444 132 504 476 2 541 199 583 378 2 608 174 656 353 2 699 187 747 377 2 127 169 201 429 2 186 163 245 423 2
apricot_0023.jpg 679 196 750 275 48 573 272 655 335 48 517 349 628 434 48 810 279 910 363 48 898 323 976 411 48 745 401 841 491 48 671 416 754 505 48
egg_17.jpg 15 46 516 525 22 521 56 799 521 22
cake_2.jpg 301 54 935 1036 12 370 56 672 290 44
rice_19.jpg 282 276 781 680 40 83 5 560 607 19
waffle_7.jpg 123 87 375 265 46 301 140 494 337 46 101 119 278 329 46 219 5 389 157 46 128 68 207 137 44 175 28 238 114 44
hummus_2.jpg 553 200 936 493 24
tomato_15.jpg 321 485 479 621 45 4 458 171 588 45 143 402 286 546 45 176 560 314 688 45 232 384 411 497 45 1 317 146 447 45 78 276 236 397 45 286 333 442 408 45
mashedpotato_18.jpg 144 137 1355 1145 26
tomato_16.jpg 557 624 876 963 45 1163 731 1304 1016 45 488 117 630 409 45 1141 101 1327 399 45 1 642 248 933 45 474 790 665 1080 45 1337 668 1500 971 45 1178 979 1500 1125 45 556 848 976 1125 45 653 160 976 545 45 585 1 890 301 45 1331 1 1500 280 45 1313 261 1500 504 45 1 810 313 1125 45 1 230 316 498 45 1 1 247 263 45
banana_8.jpg 92 68 422 341 4 104 424 399 727 4
strawberry_5.jpg 12 646 235 878 44 294 451 526 678 44 410 172 617 389 44 232 264 415 454 44 60 326 271 530 44 1 445 98 616 44 1 169 105 389 44 1 30 68 194 44 1 1 207 84 44 121 1 343 194 44 326 31 519 239 44
apricot_0019.jpg 694 315 775 398 48 568 377 658 450 48 487 456 605 561 48 626 577 721 683 48 707 594 821 697 48 812 477 933 564 48 892 540 975 648 48
apricot_0026.jpg 534 312 626 417 48 652 344 736 417 48 791 358 881 432 48 744 461 822 556 48 663 519 756 604 48 706 597 812 674 48 594 473 682 557 48
rice_14.jpg 9 15 600 400 40
cake_17.jpg 393 1 1089 533 12 372 493 1225 846 12
apricot_0030.jpg 771 317 840 405 48 668 273 750 338 48 457 405 568 500 48 573 382 650 457 48 665 405 753 472 48 622 316 693 393 48 681 339 758 405 48
apricot_0040.jpg 763 107 843 183 48 810 163 900 230 48 916 200 996 283 48 853 275 971 367 48 995 312 1105 386 48 808 219 910 303 48 748 211 837 279 48
cake_13.jpg 42 387 618 872 12 3 1 375 360 12
pancake_10.jpg 126 322 551 549 31
salad_11.jpg 390 157 1088 754 41
hummus_7.jpg 110 92 535 337 24
setc_00015.jpg 1220 568 1256 601 23 1283 524 1346 584 22 1123 695 1189 761 22 1225 756 1277 829 22 1109 624 1193 704 8 1274 779 1323 844 8 1185 677 1242 735 44 1189 635 1260 693 16 1112 585 1198 634 13 1317 699 1398 773 27 1392 688 1427 729 18 1262 738 1318 777 4 766 533 874 581 1 813 628 883 693 44 1299 620 1343 711 1 722 639 791 710 27 861 657 941 715 8 902 577 960 635 22 1322 661 1368 714 44 1179 735 1228 794 16 744 702 827 750 13 1318 789 1353 824 9 1346 763 1387 806 9 1357 633 1407 695 13 765 607 802 642 9 790 564 867 592 14 1330 568 1409 636 8 1247 574 1316 631 27 1258 645 1301 694 4 1223 707 1284 764 44 1162 580 1204 620 18
noodlesoup_1.jpg 116 49 810 682 29
setb_00240.jpg 1224 561 1262 596 23 1280 524 1343 584 22 1392 654 1462 706 22 1114 673 1180 739 22 1225 757 1277 830 22 1144 589 1225 672 8 1324 573 1410 639 8 1274 776 1323 841 8 1183 668 1242 719 44 1218 709 1276 762 44 1205 635 1264 693 16 1118 581 1172 648 13 1321 693 1405 773 27 1403 704 1436 738 18 1262 738 1318 777 4 1326 749 1414 833 13 764 543 872 591 1 821 632 891 697 44 1283 617 1339 710 1 728 650 802 725 27 878 656 958 714 8
waffle_1.jpg 108 435 528 757 46 521 400 941 722 46 508 163 886 407 46 113 171 508 427 46 471 397 576 501 38 581 332 682 414 38 347 358 422 440 38
noodlesoup_5.jpg 103 38 713 500 29 112 233 277 358 6 119 143 313 269 6 238 89 419 211 6
cherrytomato_11.jpg 539 358 800 557 18 278 320 542 578 18 1 320 275 570 18
egg_9.jpg 1 221 790 1057 22 792 1 1520 1035 22
cottagecheese_16.jpg 182 54 638 581 20
pear_11.jpg 499 315 757 624 34 821 486 1192 792 34 670 657 1020 1008 34 255 646 676 923 34 264 565 658 681 34 717 329 980 669 34 152 56 518 566 34
avocado_6.jpg 294 256 367 333 3 512 248 599 337 3 442 127 540 215 3 384 210 443 317 3 438 234 497 334 3 1 66 224 290 3 224 118 292 187 3 276 82 360 163 3 361 116 450 196 3 262 144 382 223 3
hummus_8.jpg 703 24 2121 1139 24 1 764 435 1168 21 420 926 938 1407 21
noodlesoup_3.jpg 63 376 609 838 29
pie_17.jpg 137 24 481 371 35
ravioli_13.jpg 58 213 176 412 39 108 268 243 483 39 198 270 380 480 39 86 98 269 275 39 261 184 448 387 39
strawberry_4.jpg 88 631 420 930 44 101 377 435 645 44 321 910 618 1208 44 650 1115 945 1446 44 350 244 603 532 44 781 455 1064 736 44 400 629 686 923 44 568 784 843 1077 44 802 714 1152 1021 44 896 1023 1222 1353 44 1113 800 1469 1134 44
cherrytomato_2.jpg 451 263 540 347 18 68 255 168 347 18 194 250 295 349 18 318 248 419 347 18
tomato_2.jpg 43 254 159 379 45 265 231 408 388 45 403 310 529 410 45 457 206 583 323 45 506 121 626 236 45 344 32 500 144 45 218 1 327 126 45 72 90 184 191 45 116 127 256 275 45 148 289 280 427 45 258 115 395 243 45 387 120 510 283 45
pancake_5.jpg 222 117 619 428 31 142 26 376 222 31
ravioli_11.jpg 300 155 577 333 39 140 120 417 298 39 79 110 260 234 39
noodlesoup_14.jpg 89 20 527 448 29 172 248 238 349 8 228 124 345 218 19 394 98 460 148 19 328 292 379 417 19 127 283 154 377 19
jello_1.jpg 314 309 799 725 25 236 849 717 1112 25
apricot_0052.jpg 459 254 519 298 48 527 269 577 310 48 450 330 508 377 48 636 261 685 301 48
waffle_19.jpg 39 28 678 503 46
mashedpotato_6.jpg 1 49 572 442 26
jello_15.jpg 62 212 271 421 25 270 257 504 498 25 512 307 769 588 25 598 94 742 221 44 623 182 789 285 44
apricot_0044.jpg 755 305 845 402 48 914 340 1046 443 48 995 509 1103 596 48 820 518 919 612 48 673 437 771 519 48 778 625 871 719 48
setb_00120.jpg 1224 561 1262 596 23 1280 524 1343 584 22 1393 644 1458 699 22 1114 673 1180 739 22 1225 757 1277 830 22 1144 589 1225 672 8 1329 566 1409 640 8 1274 776 1323 841 8 1150 720 1227 774 8 1183 668 1242 719 44 1226 709 1284 762 44 1205 635 1264 693 16 1118 581 1172 648 13 1265 672 1337 738 27 1328 685 1400 766 27 1399 700 1432 734 18 1262 738 1318 777 4 1326 749 1414 833 13 770 543 876 594 1 838 637 907 700 44
pie_4.jpg 381 153 1059 638 35
avocado_11.jpg 27 130 629 473 3 480 318 964 452 3
apricot_0059.jpg 761 346 857 410 48 874 404 1003 477 48 864 499 1028 624 48 650 416 761 496 48 636 543 765 655 48 419 464 561 584 48 508 368 643 444 48
hummus_19.jpg 84 15 650 295 24
setb_00405.jpg 1224 561 1262 596 23 1280 524 1343 584 22 1114 673 1180 739 22 1225 757 1277 830 22 1144 589 1225 672 8 1324 568 1407 639 8 1274 776 1323 841 8 1183 668 1242 719 44 1218 709 1276 762 44 1205 635 1264 693 16 1118 581 1172 648 13 1321 699 1402 773 27 1392 685 1427 726 18 1262 738 1318 777 4 767 537 875 582 1 812 629 882 694 44 1283 617 1339 710 1 722 641 791 712 27 867 659 947 717 8 902 576 960 634 22 1315 659 1368 714 44 1177 725 1228 795 16 749 704 832 752 13 1318 789 1353 824 9 1346 763 1387 806 9 1355 633 1405 695 13
rice_2.jpg 218 252 1195 836 40
pear_17.jpg 326 233 586 519 34 57 151 335 454 34 302 23 557 246 34 566 93 824 334 34 985 241 1195 412 34 1097 283 1221 447 34 1213 275 1336 484 34 1123 155 1289 263 34 1001 175 1128 341 34 979 160 1071 273 34 1272 173 1347 334 34
broccoli_12.jpg 246 200 360 322 11 347 265 462 359 11 436 154 573 256 11 59 341 240 400 11 33 208 153 281 11 1 73 170 213 11 174 61 300 129 11 85 1 240 86 11 488 59 600 190 11 291 47 409 232 11 237 148 296 204 11 141 170 241 326 11 1 270 110 400 11 407 27 537 113 11
banana_3.jpg 433 138 663 359 4 663 180 875 395 4 489 727 720 949 4 259 669 492 885 4 117 177 352 409 4 540 362 740 579 4 723 545 933 748 4 750 282 961 514 4 555 522 769 734 4 253 504 478 706 4 315 251 532 483 4
apricot_0063.jpg 666 119 726 173 48 733 167 814 219 48 718 237 807 313 48 588 268 660 335 48 590 181 661 235 48 491 145 583 202 48 454 225 540 298 48
onion_2.jpg 26 296 98 375 30 132 385 245 489 30 307 352 392 429 30 248 258 312 335 30 245 340 308 427 30 232 152 307 236 30 365 148 530 296 30 129 165 241 233 30 12 1 166 136 30 568 1 700 117 30
setc_00075.jpg 1220 568 1256 601 23 1283 524 1346 584 22 1123 695 1189 761 22 1225 756 1277 829 22 1274 779 1323 844 8 1185 677 1242 735 44 1189 635 1260 693 16 1112 585 1198 634 13 1317 699 1398 773 27 1392 688 1427 729 18 1262 738 1318 777 4 746 535 854 583 1 804 627 874 692 44 1299 620 1343 711 1 714 646 783 717 27 858 649 935 714 8 890 571 946 629 22 1322 661 1368 714 44 1179 735 1228 794 16 742 707 825 755 13 1318 789 1353 824 9 1346 763 1387 806 9 1357 633 1407 695 13 752 613 789 648 9 772 566 850 598 14 1330 568 1409 636 8 1247 574 1316 631 27 1258 645 1301 694 4 1223 707 1284 764 44 1162 580 1204 620 18 689 576 748 663 8
tomato_3.jpg 1 142 735 896 45 723 189 1500 938 45
mashedpotato_14.jpg 168 395 1067 1048 26
apricot_0033.jpg 629 96 719 202 48 862 207 1008 317 48 970 274 1086 406 48 801 379 944 504 48 690 401 812 533 48 526 248 646 335 48 440 320 600 436 48
pie_8.jpg 242 163 927 625 35
seta_00045.jpg 852 439 921 480 8 885 449 941 501 22 859 481 892 515 23 1073 529 1106 558 23 1011 448 1054 490 4 1069 451 1126 503 22 925 488 1004 543 13 1034 522 1082 583 13 986 409 1061 448 13 1284 610 1383 684 13 1434 547 1512 616 22 852 918 912 989 22 1326 475 1381 525 4 991 749 1043 798 4 930 853 977 912 4 910 405 967 454 27 883 504 953 574 27 1340 661 1435 742 27 993 495 1022 525 18 1098 496 1136 531 18 1392 579 1442 623 18 907 969 944 1025 18 1024 491 1056 521 9 1066 500 1093 527 9 1511 554 1552 587 9 958 763 997 807 9 1261 513 1367 565 16 949 803 1026 851 16 870 822 943 898 16 1249 568 1369 608 1 1490 594 1554 706 1 941 965 1069 1024 1 1446 498 1512 557 44 1007 561 1056 613 44 981 853 1047 921 44 1038 922 1100 990 44 1381 462 1463 550 8 1073 824 1136 937 8 845 757 945 816 8 927 919 1016 959 14 1431 625 1511 699 14 901 898 939 936 23 1462 693 1513 733 23
mushroom_8.jpg 21 292 598 753 28 416 1 980 244 28 415 234 1050 665 28 1 60 480 369 28 582 630 1112 866 28 3 581 587 866 28
asparagus_1.jpg 41 18 361 829 2
pasta_18.jpg 525 461 756 547 32 222 347 323 515 32 367 486 537 630 32 518 263 586 437 32 89 390 173 505 32 608 383 757 477 32 371 226 477 393 17 363 472 442 562 17 158 301 267 376 17
noodlesoup_2.jpg 110 67 593 541 29 325 427 377 473 14 382 334 496 405 19
strawberry_10.jpg 12 74 327 320 44 421 118 720 317 44
avocado_18.jpg 40 199 522 398 3 167 32 549 277 3
cake_16.jpg 127 54 899 1056 12
beans_5.jpg 569 54 757 475 5 639 98 760 462 5 524 130 671 420 5 476 146 640 422 5 332 159 529 483 5 290 84 447 571 5 171 102 313 533 5 97 110 258 641 5
spaghetti_10.jpg 123 55 529 449 42
noodlesoup_8.jpg 148 242 603 695 29 233 442 460 535 19 282 535 470 618 19
apricot_0011.jpg 666 329 722 409 48 692 391 762 458 48 778 423 847 494 48 759 489 839 559 48 545 411 614 475 48 616 505 681 579 48 633 560 730 654 48
seta_00090.jpg 852 918 912 989 22 930 853 977 912 4 907 969 944 1025 18 870 822 943 898 16 941 965 1069 1024 1 981 853 1047 921 44 1038 922 1100 990 44 927 919 1016 959 14 901 898 939 936 23 927 403 1098 561 8 934 539 1040 644 4 1013 580 1123 783 16 1147 599 1230 827 1 1250 598 1414 787 13 1386 549 1535 699 27 1342 491 1429 568 23 1194 500 1283 582 18 1277 430 1407 525 14 1190 334 1414 451 1 1124 368 1259 496 22 1120 310 1181 382 9 1013 347 1113 455 44
apricot_0024.jpg 731 195 874 268 48 867 376 1240 653 48 605 417 892 633 48 279 247 554 402 48 492 250 682 340 48
noodlesoup_13.jpg 43 13 593 544 29 400 189 445 246 14 439 316 481 361 14 189 177 239 217 14
spaghetti_17.jpg 249 1 1200 793 42
pancake_6.jpg 675 544 1203 1068 31 260 168 534 426 4
egg_2.jpg 131 167 393 440 22
beef_12.jpg 785 400 1131 680 6 1187 480 1475 708 6 145 49 644 1055 6
blackberry_20.jpg 786 506 1075 736 9 952 366 1200 555 9 10 443 230 593 9 1 563 191 719 23 207 520 363 633 23 355 98 918 411 12 372 398 885 708 12
strawberry_1.jpg 438 376 887 744 44 132 345 506 693 44 289 162 685 535 44
noodlesoup_11.jpg 895 109 1517 750 29 1168 655 1271 738 14 1284 480 1359 536 14
jello_20.jpg 113 264 517 716 25 624 307 989 730 25 1128 331 1545 737 25
apricot_0045.jpg 596 249 640 302 48 673 245 721 298 48 708 324 766 387 48 595 338 654 385 48 666 406 712 458 48 584 444 638 490 48 536 350 585 412 48
apricot_0043.jpg 817 176 904 252 48 924 223 1070 322 48 1046 231 1150 349 48 845 345 971 455 48 705 384 818 475 48 640 316 768 401 48 682 248 775 312 48
apricot_0007.jpg 719 221 760 303 48 773 293 849 366 48 865 311 937 390 48 854 389 947 463 48 619 337 691 400 48 700 424 769 505 48 725 479 828 582 48
beans_10.jpg 155 1 354 567 5 60 1 166 578 5
apricot_0056.jpg 753 209 829 264 48 863 221 944 279 48 929 282 1031 344 48 945 412 1035 470 48 792 392 869 470 48 703 350 783 413 48 693 256 786 333 48
apricot_0049.jpg 689 206 735 256 48 642 182 687 233 48 587 205 651 247 48 596 246 662 299 48 640 145 694 182 48 585 152 639 197 48 544 176 597 219 48
hummus_4.jpg 120 68 483 419 24
pancake_17.jpg 209 300 1206 998 31 84 200 256 393 38
pasta_1.jpg 742 360 943 698 32 558 494 679 889 32 927 487 1106 817 32 37 246 224 431 18
pie_7.jpg 69 46 559 361 35
hummus_14.jpg 1 9 358 185 24
noodlesoup_10.jpg 422 205 1376 1151 29
egg_13.jpg 144 192 1144 911 22
apricot_0008.jpg 659 265 717 314 48 640 318 698 379 48 638 377 694 442 48 568 431 650 497 48 709 358 768 419 48 709 269 755 334 48
apricot_0037.jpg 449 73 525 165 48 588 57 681 121 48 615 126 696 196 48 759 133 849 195 48 740 215 840 282 48 600 254 722 339 48 481 189 578 250 48
broccoli_20.jpg 259 122 539 578 11 339 668 505 906 11 107 607 341 866 11 556 612 862 848 11 72 290 233 500 11 541 204 778 514 11 440 474 688 718 11
apricot_0038.jpg 824 142 929 249 48 918 276 1036 375 48 810 421 929 549 48 648 435 737 534 48 501 355 606 451 48 694 254 785 369 48 571 184 698 269 48
rice_16.jpg 401 151 1250 970 40
rice_17.jpg 21 93 1155 764 40
cauliflower_5.jpg 7 95 110 215 15 25 247 173 380 15 248 360 380 463 15 576 285 680 380 15 530 102 628 202 15 401 117 496 212 15 442 164 558 292 15 606 94 700 210 15 581 237 672 293 15 460 275 577 397 15 348 181 450 270 15 381 271 492 395 15 283 217 397 355 15 333 66 457 166 15 305 119 408 215 15 220 102 303 172 15 177 15 280 117 15 94 25 204 135 15 95 164 209 261 15 241 148 324 241 15 147 275 307 392 15
setc_00120.jpg 1220 568 1256 601 23 1283 524 1346 584 22 1123 695 1189 761 22 1225 756 1277 829 22 1274 779 1323 844 8 1185 677 1242 735 44 1189 635 1260 693 16 1112 585 1198 634 13 1318 706 1411 768 27 1390 685 1425 726 18 746 535 854 583 1 795 644 865 709 44 1299 620 1343 711 1 713 646 782 717 27 853 644 925 716 8 890 571 946 629 22 1322 661 1368 714 44 1179 735 1228 794 16 740 707 823 755 13 1318 789 1353 824 9 1346 763 1387 806 9 1357 633 1407 695 13 751 613 788 648 9 772 566 850 598 14 1330 568 1409 636 8 1247 574 1316 631 27 1258 645 1301 694 4 1223 707 1284 764 44 688 576 747 663 8 806 594 854 645 4
apricot_0050.jpg 789 296 864 361 48 912 338 998 407 48 954 430 1030 521 48 805 379 889 443 48 822 472 921 570 48 784 550 857 628 48 667 338 727 423 48
avocado_15.jpg 597 497 825 683 3 481 325 940 491 3 439 210 905 364 3 457 93 905 262 3 527 436 874 583 3 10 43 361 543 3
apricot_0014.jpg 680 400 778 468 48 764 356 844 398 48 899 315 972 365 48 1012 396 1140 463 48 1120 444 1200 524 48 887 473 1009 574 48 802 489 897 560 48
apricot_0028.jpg 561 236 643 328 48 806 291 918 390 48 917 328 1008 449 48 802 449 924 555 48 707 491 818 610 48 507 379 619 462 48 445 463 603 575 48
cake_18.jpg 233 23 1033 837 12
avocado_19.jpg 211 249 464 381 3 152 166 450 303 3
apple_12.jpg 909 564 1433 1068 1 301 495 836 1062 1 450 159 945 338 1 365 315 931 659 1 684 336 1294 572 1 253 210 449 505 1
mashedpotato_5.jpg 58 53 969 545 26
broccoli_4.jpg 148 14 1000 889 11
cake_11.jpg 152 106 492 402 12 387 1 645 173 12
cake_12.jpg 220 69 825 563 12
waffle_20.jpg 64 409 184 542 46 194 415 322 551 46 325 405 491 568 46 340 568 506 731 46 188 589 336 741 46 39 577 187 729 46 34 241 182 394 46 17 83 165 236 46 172 108 320 261 46 337 97 485 250 46 334 249 499 401 46 174 258 339 410 46
cake_6.jpg 203 615 745 1175 12
apricot_0018.jpg 686 307 760 378 48 696 377 781 440 48 779 428 852 521 48 691 442 773 519 48 619 470 691 555 48 583 351 661 418 48 512 438 615 532 48
apricot_0025.jpg 876 297 932 343 48 939 314 994 361 48 949 373 1012 441 48
mashedpotato_17.jpg 257 209 1698 868 26
pancake_16.jpg 392 396 1356 868 31
setb_00525.jpg 1220 568 1256 601 23 1283 524 1346 584 22 1121 697 1187 763 22 1225 757 1277 830 22 1109 624 1193 704 8 1274 779 1323 844 8 1185 677 1242 735 44 1189 635 1260 693 16 1112 585 1198 634 13 1317 699 1398 773 27 1392 688 1427 729 18 1262 738 1318 777 4 766 535 874 583 1 812 629 882 694 44 1299 620 1343 711 1 722 640 791 711 27 861 658 941 716 8 902 578 960 636 22 1322 661 1368 714 44 1179 736 1228 795 16 744 703 827 751 13 1318 789 1353 824 9 1346 763 1387 806 9 1357 633 1407 695 13 765 608 802 643 9 790 566 867 594 14 1330 568 1409 636 8 1247 574 1316 631 27 1258 645 1301 694 4 1223 707 1284 764 44 1162 580 1204 620 18
mashedpotato_11.jpg 261 72 622 298 26
waffle_6.jpg 534 157 1720 1313 46
asparagus_7.jpg 51 298 108 667 2 124 283 169 667 2 175 294 227 665 2 245 279 296 665 2 309 270 376 668 2 364 283 417 666 2 414 272 465 663 2 462 274 513 665 2 505 269 561 666 2 554 272 610 669 2 658 270 761 658 2 620 274 692 661 2
asparagus_6.jpg 78 117 133 460 2 144 67 208 462 2 202 121 258 460 2 678 103 720 444 2 601 92 668 449 2 533 66 595 453 2 470 65 532 452 2 379 91 440 454 2 301 94 386 454 2 236 95 321 460 2
egg_15.jpg 440 327 759 734 22
apricot_0009.jpg 736 270 799 333 48 861 286 922 366 48 823 390 913 454 48 804 460 887 538 48 721 464 798 547 48 599 414 703 495 48 652 354 727 411 48
pie_14.jpg 334 222 850 543 35
broccoli_1.jpg 25 95 390 414 11 350 53 675 364 11
apple_6.jpg 65 141 169 327 1 143 181 297 295 1
apple_17.jpg 311 56 501 175 1 90 64 272 179 1
cherrytomato_20.jpg 28 259 236 462 18 272 253 472 443 18 459 190 638 370 18 202 140 361 304 18
pasta_2.jpg 187 311 309 369 32 342 335 437 377 32 418 157 489 213 32 272 127 361 209 32 233 227 312 292 32
